1JANATAMF,8.8,8.8,8.5,0,8.6,61000
1STBSRS,1465,1475,1435,0,1395.5,3300
1STICB,0,0,0,0,10463.5,0
1STPRIMFMF,20.3,20.3,19.8,0,19.4,54500
2NDICB,0,0,0,0,4025,0
3RDICB,0,0,0,0,2585,0
4THICB,0,0,0,0,2261,0
5THICB,0,0,0,0,1701,0
6THICB,680,680,680,0,673,10
7THICB,0,0,0,0,1237.75,0
8THICB,0,0,0,0,708.5,0
ABBANK,851,859,845,0,851,11505
ACI,270,270,268.6,0,269.6,150
ACIFORMULA,144,145,134.5,0,133.2,40500
ACIZCBOND,0,0,0,0,804,0
ACTIVEFINE,67,67,64.7,0,65.8,69500
AFTABAUTO,276,282.2,275,0,275.2,333650
AGNISYSL,43.8,43.9,43.2,0,43.5,57000
AGRANINS,530,530,529,0,525.5,550
AIBL1STIMF,0,0,0,0,8.1,0
AIMS1STMF,7.41,7.45,7.19,0,7.17,2652500
AL-HAJTEX,58.1,58.1,58.1,0,58.9,500
ALARABANK,34.9,35.4,34.3,0,34.2,406250
ALLTEX,216,217.5,213,0,213,1400
AMBEEPHA,0,0,0,0,397.4,0
AMCL(PRAN),1526,1527,1526,0,1526.75,20
ANLIMAYARN,406,407.5,401,0,402.25,1600
ANWARGALV,0,0,0,0,316.75,0
APEXADELFT,3148,3148,3148,0,3033,40
APEXFOODS,968,968,967.75,0,956.25,90
APEXSPINN,0,0,0,0,1423.5,0
APEXTANRY,1420,1430,1380,0,1395.5,3450
ARAMIT,380.2,380.2,380,0,379,250
ARAMITCEM,1234,1234,1234,0,1194.25,100
ASIAINS,73,73.3,72.1,0,72.6,29750
ASIAPACINS,535,535,528.25,0,528.75,4550
ATLASBANG,365.4,368.5,364,0,363.1,3700
AZIZPIPES,0,0,0,0,362,0
BANGAS,0,0,0,0,1623,0
BANKASIA,480,490,480,0,478.25,4850
BATASHOE,633,633,633,0,632.2,300
BATBC,0,0,0,0,630.9,0
BAYLEASING,1133.75,1139,1126,0,1122,4000
BDAUTOCA,445,477,445,0,460.25,20
BDCOM,36.9,37,36.5,0,36.3,16500
BDFINANCE,92.9,93.4,92,0,91.6,11600
BDLAMPS,0,0,0,0,1702.5,0
BDSERVICE,0,0,0,0,11.7,0
BDTHAI,685,690,662,0,664.75,33020
BDWELDING,57.6,57.8,56.5,0,57,98000
BEACHHATCH,51.8,51.9,51.3,0,51.4,61000
BEACONPHAR,32.4,33,32.4,0,32.1,51500
BEDL,71.4,71.4,68.5,0,68.7,114800
BERGERPBL,735,735,735,0,731.2,50
BEXIMCO,162,163.2,161,0,159.9,253000
BEXTEX,34.2,34.3,33.3,0,33.4,888000
BGIC,50.8,52.8,50.1,0,51.3,60200
BIFC,580,580,572,0,567.5,4650
BOC,0,0,0,0,678.7,0
BRACBANK,482,489,475.5,0,480.5,9450
BRACSCBOND,0,0,0,0,1000,0
BSC,0,0,0,0,2203.25,0
BSRMSTEEL,1425,1428,1414,0,1413.5,11250
BXPHARMA,80.3,81,80,0,80.4,18900
BXSYNTH,445,448,433,0,432,31640
CENTRALINS,0,0,0,0,713,0
CITYBANK,570,579,568,0,569.75,30940
CITYGENINS,51.2,51.6,50.4,0,50.9,10700
CMCKAMAL,55.9,56.5,55,0,55.6,106000
CONFIDCEM,186,186.5,183,0,181.4,136400
CONTININS,542.25,543.75,541,0,538.5,1850
CTGVEG,0,0,0,0,2947,0
DACCADYE,58.7,58.7,56.6,0,57.6,64500
DAFODILCOM,25.5,25.5,25.3,0,25.4,20500
DBH,2390,2390,2388,0,2371.25,1200
DBH1STMF,12,12.1,11.8,0,11.8,249000
DELTALIFE,0,0,0,0,39773.5,0
DELTASPINN,467.75,467.75,463.5,0,462.75,4020
DESCO,1721,1740,1721,0,1706.5,1800
DESHBANDHU,67.9,67.9,66.9,0,66.6,53000
DHAKABANK,44.9,45.6,44.5,0,44.7,29100
DHAKAINS,1213,1213,1213,0,1187.75,50
DSHGARME,0,0,0,0,467,0
DULAMIACOT,0,0,0,0,332,0
DUTCHBANGL,1460,1475,1443,0,1431.25,3600
EASTERNINS,890,890,870,0,869.75,260
EASTLAND,932,939,920,0,924,100
EASTRNLUB,0,0,0,0,556.3,0
EBL,67.9,68.5,67,0,67.9,55000
EBL1STMF,13.7,13.8,13.5,0,13.5,138500
EBLNRBMF,0,0,0,0,10.5,0
ECABLES,0,0,0,0,649.5,0
EHL,900,900,890,0,888.25,5620
EXIMBANK,32.3,32.9,31.7,0,32.9,728100
FAREASTLIF,332,334,331,0,334,22150
FASFIN,505,507,505,0,506,1150
FEDERALINS,145,145.9,142,0,143.2,10000
FINEFOODS,65.4,65.4,64.5,0,64.4,19000
FIRSTSBANK,27.2,27.3,25.5,0,24.9,1223300
FLEASEINT,1088,1090,1077,0,1069.75,10700
FUWANGCER,400,403.25,395.25,0,394.25,22750
FUWANGFOOD,54.1,54.3,53.5,0,53.5,162100
GEMINISEA,0,0,0,0,2954.25,0
GLAXOSMITH,991,991,989,0,973.5,800
GLOBALINS,717,718,708,0,706.5,1900
GOLDENSON,71.3,71.3,69.6,0,69.1,246000
GP,167.4,168.7,165,0,163.9,226400
GQBALLPEN,226,228,224.3,0,224.3,7400
GRAMEEN1,87.3,87.9,85.9,0,84.3,37000
GRAMEENS2,21.5,21.6,20.8,0,20.7,340500
GREENDELMF,8.6,8.6,8,0,8.2,86000
GREENDELT,0,0,0,0,184.7,0
HAKKANIPUL,0,0,0,0,47.7,0
HEIDELBCEM,3030,3030,3000,0,3040,1050
HRTEX,495,495,495,0,493.75,150
IBBLPBOND,0,0,0,0,959.5,0
IBNSINA,1364.75,1364.75,1364.75,0,1330,200
ICB,0,0,0,0,3749.5,0
ICB1STNRB,0,0,0,0,413.75,0
ICB2NDNRB,197,197,192,0,193.5,7300
ICB3RDNRB,9.9,9.9,9.7,0,9.7,33000
ICBAMCL1ST,655,655,655,0,640.25,300
ICBAMCL2ND,133.75,133.75,133.75,0,133.5,50
ICBEPMF1S1,13,13.1,12.9,0,12.7,75500
ICBIBANK,11.3,11.5,11.2,0,11.2,87000
ICBISLAMIC,352,352,345,0,343,1800
IDLC,2068,2078,2051,0,2049,440
IFIC,817.5,839,809,0,799.5,34780
IFIC1STMF,11.7,11.8,11.5,0,11.3,483500
IFILISLMF1,7.9,7.9,7.8,0,7.7,23000
ILFSL,1274,1275,1242,0,1236.5,7400
IMAMBUTTON,0,0,0,0,373.5,0
INTECH,26.5,26.5,26.3,0,26.3,3000
IPDC,390,390,390,0,391,50
ISLAMIBANK,517,523,513,0,512.5,44390
ISLAMICFIN,459.5,462,458.5,0,456,2800
ISLAMIINS,535.25,535.25,535.25,0,538.25,100
ISNLTD,32.1,32.8,32.1,0,32.1,1000
JAMUNABANK,35.3,35.5,34.7,0,35,315250
JAMUNAOIL,261.7,262,258.2,0,258.6,25400
JANATAINS,0,0,0,0,631,0
JUTESPINN,0,0,0,0,1493,0
KARNAPHULI,63,63.3,62.5,0,62.8,28600
KAY&QUE,374.75,374.75,374.75,0,369,50
KEYACOSMET,89.2,89.4,87.1,0,87,287500
KOHINOOR,0,0,0,0,2160,0
KPCL,70.9,72,69.1,0,69.5,131900
LAFSURCEML,0,0,0,0,489,0
LANKABAFIN,211.4,215,210.6,0,209.9,81500
LEGACYFOOT,0,0,0,0,39.7,0
LIBRAINFU,0,0,0,0,4095,0
MAKSONSPIN,45,45.1,44.2,0,44.2,383000
MALEKSPIN,58.7,59,57.2,0,57.1,685500
MARICO,524,524,524,0,520.2,50
MBL1STMF,0,0,0,0,8.7,0
MEGCONMILK,42,42,40.9,0,41.8,1500
MEGHNACEM,234,234.5,229.2,0,228.3,51500
MEGHNALIFE,357.7,363.8,357.6,0,357.7,25500
MEGHNAPET,0,0,0,0,18.7,0
MERCANBANK,322.5,325,318.75,0,321,55900
MERCINS,537,539,532,0,532,2150
METROSPIN,62,62,59.5,0,59.3,147500
MICEMENT,179.6,180,177.6,0,176.8,252900
MIDASFIN,1102,1118,1100,0,1083,1650
MIRACLEIND,30.5,30.6,29.7,0,30,19000
MITHUNKNIT,1500,1500,1470,0,1486,300
MJLBD,166.3,167,160,0,158.8,298400
MODERNDYE,0,0,0,0,466,0
MONNOCERA,0,0,0,0,723.75,0
MONNOJTX,0,0,0,0,2230,0
MONNOSTAF,0,0,0,0,2491,0
MPETROLEUM,191,193.3,188.3,0,188.6,1200
MTBL,369,380,369,0,376.75,20600
NATLIFEINS,7275,7334,7250,0,7252,130
NAVANACNG,169,170,168,0,168.1,69500
NBL,66.5,67.3,65.7,0,65.2,924700
NCCBANK,34.4,34.9,33.8,0,33.9,205250
NHFIL,1070,1071.5,1070,0,1066.25,500
NITOLINS,0,0,0,0,661,0
NORTHERN,0,0,0,0,40.4,0
NORTHRNINS,669.5,670,665.5,0,668.25,1450
NPOLYMAR,0,0,0,0,737.25,0
NTC,0,0,0,0,4949.5,0
NTLTUBES,0,0,0,0,936.75,0
OCL,82,83.3,80.9,0,79.7,4100
OLYMPIC,1939.5,1945,1921,0,1902,4350
ONEBANKLTD,509.5,516.5,506,0,505,89150
ORIONINFU,670,674,656,0,660.75,9020
PADMAOIL,0,0,0,0,733.2,0
PARAMOUNT,0,0,0,0,529.25,0
PEOPLESINS,48.2,49,47.5,0,48.4,87800
PF1STMF,12.3,12.4,12.3,0,12.2,21000
PHARMAID,2550,2565,2500,0,2552.25,95
PHENIXINS,89.9,90,87.1,0,87.7,3000
PHOENIXFIN,960,960,950,0,949,3600
PHPMF1,8,8,7.9,0,7.8,162000
PIONEERINS,0,0,0,0,1004.25,0
PLFSL,119.8,119.8,118.8,0,118.6,156800
POPULAR1MF,8.2,8.3,8.1,0,8,274500
POPULARLIF,0,0,0,0,383.9,0
POWERGRID,802,809,802,0,807.75,700
PRAGATIINS,900,900,875,0,923.5,80
PRAGATILIF,0,0,0,0,3192.75,0
PREMIERBAN,33.8,33.9,33.4,0,33.5,119750
PREMIERLEA,747,748,739,0,733.75,8750
PRIME1ICBA,9.8,9.8,9.6,0,9.6,13000
PRIMEBANK,47.7,48.5,47.4,0,47.5,220250
PRIMEFIN,153.8,154.9,152.5,0,152.4,9450
PRIMEINSUR,72.6,72.6,72,0,72.4,3000
PRIMELIFE,325,325,323.2,0,322.6,700
PRIMETEX,542,542,541,0,534.5,1300
PROGRESLIF,0,0,0,0,2598,0
PROVATIINS,0,0,0,0,558,0
PUBALIBANK,55.4,56.8,54.9,0,55.3,242850
PURABIGEN,0,0,0,0,1161.25,0
QSMDRYCELL,88.1,88.5,86,0,86.2,35000
RAHIMAFOOD,446.75,446.75,440,0,438.75,150
RAHIMTEXT,0,0,0,0,2331.25,0
RAKCERAMIC,109.7,110,105.6,0,105,466000
RANFOUNDRY,87.5,87.9,86.6,0,85.3,10000
RECKITTBEN,1245,1245,1210,0,1213.7,2300
RELIANCINS,0,0,0,0,1132.75,0
RENATA,0,0,0,0,10695.25,0
RENWICKJA,840,840,840,0,825.25,5
REPUBLIC,637,637,637,0,629.25,100
RNSPIN,80.6,80.7,79,0,78.4,392500
RUPALIBANK,0,0,0,0,1401.25,0
RUPALIINS,130.9,131.8,127.5,0,127.3,38500
RUPALILIFE,2610,2625,2600,0,2602,1000
SAFKOSPINN,435,436.5,428.5,0,427.5,1200
SAIHAMTEX,64.6,64.9,63.8,0,64.1,21300
SALAMCRST,602,604,580,0,585.25,45150
SALVOCHEM,55.1,55.8,54.9,0,54.4,159500
SAMATALETH,0,0,0,0,202,0
SAMORITA,0,0,0,0,1080.25,0
SANDHANINS,379.9,383.5,376.1,0,378.1,21350
SAPORTL,82.2,82.2,80.1,0,80.9,41300
SAVAREFR,0,0,0,0,681,0
SEBL1STMF,9.2,9.2,9.1,0,8.8,13000
SHAHJABANK,38.5,39,38.1,0,38.3,250600
SHYAMPSUG,0,0,0,0,17,0
SIBL,23.8,23.9,23.2,0,22.7,3397000
SINGERBD,2800.5,2825,2800,0,2797,995
SINOBANGLA,44.1,44.1,44.1,0,44.5,5000
SONALIANSH,0,0,0,0,1725,0
SONARBAINS,534.25,534.25,534,0,534.75,150
SONARGAON,492,492,482,0,485.25,1550
SOUTHEASTB,324.75,327,321.5,0,320.5,152700
SPCERAMICS,52.1,52.1,51.4,0,51.6,197100
SQUARETEXT,144.8,145,138.4,0,139.3,140850
SQURPHARMA,3575,3590,3555,0,3542.25,6969
STANCERAM,0,0,0,0,473,0
STANDARINS,0,0,0,0,529.5,0
STANDBANKL,327.25,330,322,0,327.5,31500
STYLECRAFT,0,0,0,0,5775,0
SUMITPOWER,81.8,82.3,81.3,0,81.5,59400
TAKAFULINS,775.5,784.75,775.5,0,774.25,200
TALLUSPIN,609,617.75,608,0,608.5,310
TITASGAS,805,810,797.25,0,802.25,20550
TRUSTB1MF,12.6,12.6,12.2,0,12.1,771000
TRUSTBANK,440,455,438,0,444.25,9900
UCBL,59.6,59.8,58.9,0,58.8,753200
ULC,835.75,841.5,831,0,826.25,1180
UNIONCAP,100,100.5,98,0,98,113500
UNITEDAIR,46.4,46.5,45.7,0,46.2,603900
UNITEDINS,0,0,0,0,904.5,0
USMANIAGL,0,0,0,0,1355.25,0
UTTARABANK,79.7,80.9,78.9,0,79.4,155300
UTTARAFIN,183.8,183.9,181,0,180.6,22400
ZEALBANGLA,0,0,0,0,18.9,0
